0000000010001111
0000000010011011
0000000010011001
0000000011000001
0000000010011100
0000000010110000
0000000010101101
0000000010010110
0000000010010001
0000000001111101
0000000001101011
0000000001001010
0000000000101111
0000000000111010
0000000000001100
0000000000010111
0000000000000010
1111111111111010
1111111111101010
1111111111110001
1111111111101001
1111111111101100
0000000000001100
0000000000000000
0000000000000001
0000000000100101
0000000000101010
0000000000100111
0000000000100001
0000000000100100
0000000000110000
0000000000100010
0000000000100001
0000000000101000
0000000000100000
0000000000010101
0000000000000011
1111111111101000
1111111111101001
1111111111011001
1111111110101011
1111111110110001
1111111110011101
1111111110011010
1111111101101111
1111111110000110
1111111101100111
1111111110001011
1111111110000001
1111111110011100
1111111110011111
1111111110111110
1111111111011000
1111111111110000
1111111111111010
0000000000101100
0000000001010010
0000000001101000
0000000010000101
0000000010101001
0000000010110101
0000000011011101
0000000011101101
0000000011110011
0000000011111110
0000000011111011
0000000011111101
0000000011101011
0000000011010111
0000000010111101
0000000010111110
0000000010100000
0000000001011010
0000000001010100
0000000000101100
1111111111111000
1111111111000110
1111111110101000
1111111101111000
1111111101011010
1111111101001001
1111111100111101
1111111100011110
1111111100010000
1111111100100001
1111111100100001
1111111100100100
1111111101010001
1111111101011100
1111111101110000
1111111110000111
1111111110101001
1111111111000011
1111111111110101
0000000000011011
0000000001000100
0000000001011101
0000000001111000
0000000001110101
0000000010001110
