00000000000000000000000000000000
00000000000000000000100011110000
00000000000000000001001010100000
00000000000000000001110000110000
00000000000000000010100001000000
00000000000000000011001000000000
00000000000000000011110100000000
00000000000000000100011111010000
00000000000000000101000100110000
00000000000000000101000101010000
00000000000000000100111101110000
00000000000000000100110010010000
00000000000000000100010100100000
00000000000000000011111001010000
00000000000000000011011011110000
00000000000000000010110011100000
00000000000000000010010011110000
00000000000000000001110000000000
00000000000000000001001111010000
00000000000000000000101111000000
00000000000000000000011000110000
00000000000000000000000111010000
11111111111111111111110011110000
11111111111111111111110011110000
11111111111111111111101110000000
11111111111111111111101101110000
11111111111111111111111000100000
00000000000000000000001000100000
00000000000000000000010110000000
00000000000000000000100100000000
00000000000000000000110010000000
00000000000000000000111011000000
00000000000000000001000011100000
00000000000000000001001011100000
00000000000000000001001100010000
00000000000000000001001001110000
00000000000000000001000101010000
00000000000000000000111101110000
00000000000000000000101110110000
00000000000000000000011101000000
00000000000000000000001010110000
11111111111111111111101101010000
11111111111111111111001111100000
11111111111111111110101110110000
11111111111111111110010000000000
11111111111111111101101011000000
11111111111111111101010010100000
11111111111111111100110010000000
11111111111111111100011110100000
11111111111111111100010100000000
11111111111111111100001110110000
11111111111111111100001111010000
11111111111111111100011000010000
11111111111111111100110010100000
11111111111111111101001101000000
11111111111111111101110001110000
11111111111111111110011010000000
11111111111111111111001110010000
00000000000000000000000001010000
00000000000000000000111010110000
00000000000000000001110101100000
00000000000000000010101100110000
00000000000000000011101000000000
00000000000000000100100100110000
00000000000000000101010110100000
00000000000000000110000001100000
00000000000000000110100110010000
00000000000000000111000100010000
00000000000000000111010100110000
00000000000000000111011101010000
00000000000000000111010101010000
00000000000000000111001001100000
00000000000000000110110100110000
00000000000000000110001011110000
00000000000000000101100010000000
00000000000000000100101101110000
00000000000000000011110001000000
00000000000000000010101100110000
00000000000000000001100111100000
00000000000000000000010110000000
11111111111111111111000100100000
11111111111111111110000000010000
11111111111111111100111010100000
11111111111111111011110111000000
11111111111111111010111101000000
11111111111111111010010011110000
11111111111111111001110010000000
11111111111111111001011101000000
11111111111111111001011010110000
11111111111111111001011111100000
11111111111111111001101100010000
11111111111111111010000110100000
11111111111111111010101100110000
11111111111111111011010101010000
11111111111111111100001010010000
11111111111111111101001000000000
11111111111111111110000100110000
11111111111111111111000101000000
00000000000000000000000111000000
